2 0.06685632968750001 0.501953125 0.06970127968749999 0.521484375 0.08108108124999999 0.5361328125 0.09103840625000001 0.5400390625 0.1038406828125 0.5263671875 0.1137980078125 0.525390625 0.1522048359375 0.546875 0.16358463750000002 0.5458984375 0.15504978593750002 0.52734375 0.123755334375 0.5 0.08534850625 0.4541015625 0.07254622968749999 0.447265625 0.051209103125 0.447265625 0.042674253125 0.4521484375 0.042674253125 0.4580078125 0.06685632968750001 0.501953125
2 0.6813655765625 0.1962890625 0.6955903265625001 0.19921875 0.699857753125 0.1875 0.706970128125 0.18359375 0.7311522046875 0.1904296875 0.7382645796875 0.1875 0.74110953125 0.1748046875 0.7339971546874999 0.1650390625 0.709815078125 0.1494140625 0.66002845 0.140625 0.633001421875 0.1201171875 0.6088193453125 0.1201171875 0.5917496437499999 0.125 0.5974395453125 0.1376953125 0.6813655765625 0.1962890625
2 0.20056899062500003 0.4130859375 0.27880512031250004 0.4189453125 0.32005689843749996 0.3984375 0.35561877656249996 0.396484375 0.3613086765625 0.392578125 0.35561877656249996 0.3759765625 0.332859175 0.3828125 0.3172119484375 0.3828125 0.26600284531249996 0.37109375 0.24751066875 0.37109375 0.1977240390625 0.3798828125 0.1934566140625 0.40625 0.20056899062500003 0.4130859375
2 0.281650071875 0.646484375 0.28876244687499997 0.6611328125 0.3072546234375 0.671875 0.332859175 0.6513671875 0.3371266 0.6142578125 0.3115220484375 0.5654296875 0.30440967343750003 0.560546875 0.2759601703125 0.560546875 0.2702702703125 0.5654296875 0.2702702703125 0.6025390625 0.281650071875 0.646484375
2 0.9160739687499999 0.03125 0.8876244671875 0.048828125 0.873399715625 0.046875 0.8506401140625 0.0244140625 0.8421052625 0.025390625 0.8549075390624999 0.087890625 0.8847795156249999 0.107421875 0.8975817921875 0.109375 0.91180654375 0.10546875 0.9388335703124999 0.0869140625 0.9402560453125 0.0751953125 0.92460881875 0.05078125 0.92460881875 0.0361328125 0.9502133718750001 0.0146484375 0.9445234703125 0.0107421875 0.9374110953124999 0.01171875 0.91891891875 0.0244140625 0.9160739687499999 0.03125
2 0.59317211875 0.744140625 0.67140825 0.7568359375 0.706970128125 0.7373046875 0.7382645796875 0.734375 0.7368421046875 0.7294921875 0.7211948796875001 0.73046875 0.7169274531250001 0.7275390625 0.709815078125 0.7080078125 0.701280228125 0.703125 0.6543385484375001 0.69921875 0.5917496437499999 0.71484375 0.5874822187500001 0.736328125 0.59317211875 0.744140625
2 0.39118065468749996 0.1591796875 0.48079658593749997 0.1982421875 0.491252071875 0.19906422968749998 0.49806078437499995 0.19172157031249998 0.5191043375 0.1933419890625 0.5245817500000001 0.1848660671875 0.5362676109375 0.18487784062499998 0.5378711734375 0.1797796296875 0.5233190515625 0.17717459687499998 0.49847453750000004 0.1705575203125 0.504412865625 0.1673740828125 0.5447656390625 0.1658037046875 0.5382677765625 0.159994628125 0.516872640625 0.1577325171875 0.4896613703125 0.157292459375 0.4889796421875 0.149754053125 0.5230789437500001 0.1436977203125 0.523812125 0.1400315421875 0.499657915625 0.1371115515625 0.4438122328125 0.1455078125 0.39118065468749996 0.1201171875 0.3854907546875 0.126953125 0.384068278125 0.1533203125 0.39118065468749996 0.1591796875
2 0.41536273125 0.26171875 0.48079658593749997 0.310546875 0.4893314359375 0.30859375 0.4950213375 0.2978515625 0.5078236125 0.291015625 0.543385490625 0.291015625 0.543385490625 0.2802734375 0.537695590625 0.275390625 0.46941678593749997 0.255859375 0.42958748281250003 0.2255859375 0.3897581796875 0.2236328125 0.38122332812500004 0.228515625 0.382645803125 0.244140625 0.41536273125 0.26171875
2 0 0.8544921875 0.038406828125 0.8564453125 0.07396870625 0.8662109375 0.12802275937500002 0.8701171875 0.1408250359375 0.859375 0.1408250359375 0.84375 0.12802275937500002 0.82421875 0.11806543437499999 0.8173828125 0.1009957328125 0.8154296875 0.0540540546875 0.82421875 0 0.8212890625 0 0.8544921875
2 0.6842105265625 0.4921875 0.6531390828125 0.49166385 0.6529160734375 0.501953125 0.6557610234375 0.5146484375 0.6728307250000001 0.537109375 0.6955903265625001 0.5390625 0.7325746796875 0.533203125 0.7681365578125 0.5380859375 0.785206259375 0.5361328125 0.786628734375 0.505859375 0.7809388328125 0.5009765625 0.74537695625 0.4970703125 0.6984352781250001 0.474609375 0.6731043046875 0.4513138078125 0.669103971875 0.45742018125 0.67110199375 0.46608154687500003 0.6856369671875 0.4806594265625 0.6842105265625 0.4921875
2 0.1920341390625 0.73828125 0.201991465625 0.74609375 0.2731152203125 0.75390625 0.29160739687500004 0.751953125 0.3186344234375 0.7412109375 0.33854907500000003 0.72265625 0.341394025 0.70703125 0.332859175 0.7021484375 0.3229018484375 0.7021484375 0.20056899062500003 0.7109375 0.1920341390625 0.71875 0.1920341390625 0.73828125
2 0.91038406875 0.1953125 0.92318634375 0.1962890625 0.92460881875 0.177734375 0.9345661453125 0.169921875 0.9758179234375 0.166015625 0.9715504984375001 0.16015625 0.91749644375 0.15234375 0.8719772406249999 0.138671875 0.8122332859375 0.11328125 0.798008534375 0.1123046875 0.786628734375 0.125 0.789473684375 0.1416015625 0.91038406875 0.1953125
2 0.1920341390625 0.8447265625 0.1977240390625 0.85546875 0.24324324375 0.8564453125 0.287339971875 0.8662109375 0.30440967343750003 0.865234375 0.3257468 0.8388671875 0.330014225 0.8193359375 0.3157894734375 0.806640625 0.285917496875 0.8046875 0.23044096718749998 0.8193359375 0.1948790890625 0.8203125 0.1920341390625 0.8447265625
2 0.38122332812500004 0.3662109375 0.382645803125 0.3935546875 0.39402560468750003 0.400390625 0.41678520625 0.4033203125 0.5049786625 0.4052734375 0.547652915625 0.41015625 0.5633001421875 0.4072265625 0.5547652921874999 0.3935546875 0.5305832140625 0.390625 0.5192034140625 0.384765625 0.5064011374999999 0.3642578125 0.48648648593750005 0.3583984375 0.46941678593749997 0.3583984375 0.41678520625 0.3662109375 0.3854907546875 0.3623046875 0.38122332812500004 0.3662109375
2 0.6927453765625 0.6123046875 0.6813655765625 0.61328125 0.6458036984375 0.6044921875 0.630156471875 0.60546875 0.625889046875 0.609375 0.6813655765625 0.6494140625 0.7254623046875001 0.6484375 0.7695590328125 0.6689453125 0.785206259375 0.6708984375 0.789473684375 0.658203125 0.786628734375 0.62890625 0.7681365578125 0.623046875 0.712660028125 0.591796875 0.701280228125 0.5908203125 0.6955903265625001 0.5947265625 0.699857753125 0.6083984375 0.6927453765625 0.6123046875
2 0.59317211875 0.8173828125 0.5874822187500001 0.822265625 0.59032716875 0.8505859375 0.5945945953125 0.853515625 0.625889046875 0.8525390625 0.6856330015625 0.8583984375 0.715504978125 0.8388671875 0.7240398296875 0.8212890625 0.7112375531249999 0.802734375 0.6941678515625 0.7939453125 0.6827880515625 0.7939453125 0.6358463734375001 0.8056640625 0.6102418203125 0.81640625 0.59317211875 0.8173828125
2 0.46799430937500003 0.5322265625 0.49786628750000006 0.5546875 0.5078236125 0.5517578125 0.5320056906249999 0.53125 0.536273115625 0.49609375 0.5120910390625 0.4501953125 0.5064011374999999 0.4462890625 0.466571834375 0.4462890625 0.46088193437499997 0.4541015625 0.459459459375 0.484375 0.46799430937500003 0.5322265625
2 0.792318634375 0.8525390625 0.8549075390624999 0.8583984375 0.9075391187499999 0.8681640625 0.9615931718749999 0.861328125 0.9701280234375 0.853515625 0.9701280234375 0.845703125 0.9601706968749999 0.83984375 0.9018492171875 0.8310546875 0.864864865625 0.8125 0.8364153625 0.8115234375 0.790896159375 0.8212890625 0.786628734375 0.841796875 0.792318634375 0.8525390625
2 0 0.271484375 0.1038406828125 0.310546875 0.12802275937500002 0.3095703125 0.15504978593750002 0.2919921875 0.16358463750000002 0.28125 0.15504978593750002 0.265625 0.08819345625 0.26171875 0.034139403125 0.244140625 0.015647226562499998 0.2333984375 0 0.232421875 0 0.271484375
2 1 0.5229554515625 0.9815078234374999 0.5161195140625 0.970612475 0.5101110140625 0.9587482218750001 0.4975648265625 0.9335247125 0.4859107015625 0.91418548125 0.4813967828125 0.9043711578125 0.493203321875 0.8947840796875 0.4916403015625 0.874822190625 0.4799867015625 0.8650366921874999 0.47155064375 0.8586417328125 0.47227328281250003 0.8605974390625001 0.4838929515625 0.854304821875 0.49214364687499995 0.858427353125 0.5057663484375 0.8672533828125 0.5173241578125001 0.8663572734375 0.527748703125 0.87636239375 0.5307349234375 0.8908502031250001 0.5329528812500001 0.9243127984375 0.5416348515625 1 0.5574607921875 1 0.5229554515625
2 0.26600284531249996 0.533203125 0.293029871875 0.5380859375 0.3029871984375 0.5458984375 0.330014225 0.5419921875 0.3442389765625 0.5556640625 0.3527738265625 0.5458984375 0.3527738265625 0.5302734375 0.3371266 0.4931640625 0.3058321484375 0.44921875 0.283072546875 0.4453125 0.2645803703125 0.447265625 0.25746799375 0.453125 0.26600284531249996 0.533203125
2 0.793741109375 0.25390625 0.8605974390625001 0.2978515625 0.8990042671875 0.3154296875 0.91180654375 0.31640625 0.9075391187499999 0.3017578125 0.9132290187500001 0.2958984375 0.953058321875 0.2958984375 0.9601706968749999 0.29296875 0.957325746875 0.27734375 0.9487908968750001 0.267578125 0.8634423890624999 0.2548828125 0.8278805124999999 0.2255859375 0.798008534375 0.22265625 0.786628734375 0.2333984375 0.786628734375 0.244140625 0.793741109375 0.25390625
2 0.11279825000000002 0.0459972234375 0.1224796578125 0.0264374015625 0.13710038125 0.00424016875 0.13006871250000002 0 0.0757718953125 0.051800493749999996 0.06713528125 0.054677721874999995 0.05870219375 0.043987993749999996 0.0487448671875 0.02543330625 0.0430549671875 0.02640986875 0.0387875421875 0.08695674375 0.023140315624999998 0.10062861875 0.016027940625 0.11430049375 0.0473223921875 0.11723018125 0.0786168453125 0.11234736875 0.099953971875 0.10551143125 0.1255585234375 0.08890986875 0.1298259484375 0.07719111875 0.12358371406249999 0.0588163375 0.16515416562500002 0.0242238609375 0.1710946390625 0.0181277890625 0.1639086171875 0.013422540625000002 0.15463238906250001 0.0155021515625 0.1330207265625 0.03442616875 0.11279825000000002 0.0459972234375
2 0.38122332812500004 0.8232421875 0.382645803125 0.83984375 0.39402560468750003 0.8486328125 0.4338549078125 0.8564453125 0.4935988625 0.875 0.5234708390625 0.8623046875 0.5263157890625 0.845703125 0.5320056906249999 0.8408203125 0.5590327171875 0.8427734375 0.5689900421874999 0.8369140625 0.5590327171875 0.8212890625 0.549075390625 0.81640625 0.5263157890625 0.8173828125 0.4950213375 0.8125 0.459459459375 0.8212890625 0.3897581796875 0.8154296875 0.38122332812500004 0.8232421875
2 0.1934566140625 0.2783203125 0.1948790890625 0.306640625 0.201991465625 0.310546875 0.3115220484375 0.3095703125 0.3485064015625 0.2958984375 0.3627311515625 0.2822265625 0.3627311515625 0.267578125 0.3541963015625 0.2607421875 0.32716927500000004 0.2666015625 0.3100995734375 0.2607421875 0.2745376953125 0.2568359375 0.22901849218749998 0.2666015625 0.20056899062500003 0.2666015625 0.1934566140625 0.2783203125
2 0.42389758125 0.6201171875 0.40825035625000006 0.6279296875 0.40540540468749997 0.6376953125 0.41394025624999997 0.6474609375 0.4950213375 0.650390625 0.5533428171875 0.638671875 0.58463726875 0.63671875 0.5874822187500001 0.6123046875 0.58179231875 0.6025390625 0.5504978656249999 0.6015625 0.48648648593750005 0.591796875 0.46372688437500004 0.595703125 0.45376955937499996 0.61328125 0.42389758125 0.6201171875
2 0.4338549078125 0.732421875 0.4395448078125 0.748046875 0.46514935937499996 0.763671875 0.5007112375 0.775390625 0.534850640625 0.7822265625 0.58179231875 0.7841796875 0.5874822187500001 0.7763671875 0.58463726875 0.7548828125 0.5547652921874999 0.74609375 0.5291607390624999 0.716796875 0.5064011374999999 0.708984375 0.48648648593750005 0.7080078125 0.45661450937500003 0.7109375 0.44238975781249995 0.720703125 0.4338549078125 0.732421875
2 0.2674253203125 0.16015625 0.2275960171875 0.158203125 0.2219061171875 0.1611328125 0.2204836421875 0.1650390625 0.2389758171875 0.173828125 0.24039829375 0.1787109375 0.23044096718749998 0.193359375 0.19914651562500002 0.21484375 0.201991465625 0.2255859375 0.25320056874999997 0.2265625 0.2688477953125 0.21875 0.28449502187500003 0.203125 0.301564721875 0.1982421875 0.3186344234375 0.1982421875 0.330014225 0.205078125 0.3442389765625 0.2041015625 0.3442389765625 0.1982421875 0.32716927500000004 0.181640625 0.32716927500000004 0.1728515625 0.3371266 0.1708984375 0.35561877656249996 0.181640625 0.35561877656249996 0.1494140625 0.33997155 0.1474609375 0.3172119484375 0.15234375 0.3100995734375 0.142578125 0.3100995734375 0.1259765625 0.301564721875 0.1220703125 0.290184921875 0.1318359375 0.27880512031250004 0.1552734375 0.2674253203125 0.16015625
2 0.634423896875 0.265625 0.6728307250000001 0.2939453125 0.6941678515625 0.31640625 0.7197724046875 0.32421875 0.7325746796875 0.3232421875 0.75248933125 0.3046875 0.7439544812500001 0.2783203125 0.75248933125 0.265625 0.6955903265625001 0.2529296875 0.6358463734375001 0.224609375 0.5974395453125 0.2236328125 0.58890469375 0.228515625 0.5917496437499999 0.244140625 0.634423896875 0.265625
2 0.0568990046875 0.6142578125 0.07254622968749999 0.646484375 0.11237553281249998 0.662109375 0.1408250359375 0.6640625 0.14793741093749999 0.65625 0.15504978593750002 0.6298828125 0.129445234375 0.591796875 0.09246088125 0.5625 0.036984353125 0.5576171875 0.031294453124999996 0.568359375 0.051209103125 0.5888671875 0.0568990046875 0.6142578125
2 1 0.6337890625 0.9772403984375 0.623046875 0.9459459453125 0.595703125 0.9160739687499999 0.587890625 0.9046941671875001 0.599609375 0.8862019921875 0.5966796875 0.876244665625 0.5908203125 0.8563300140625 0.595703125 0.8506401140625 0.6123046875 0.8605974390625001 0.6328125 0.8918918921874999 0.650390625 0.9317211953125 0.65625 0.9715504984375001 0.669921875 1 0.6728515625 1 0.6337890625
2 0 0.22265625 0.038406828125 0.2177734375 0.07965860625 0.205078125 0.11522048437500002 0.18359375 0.1650071125 0.1640625 0.1664295875 0.1533203125 0.1507823609375 0.12890625 0.13371265937500001 0.1240234375 0.08819345625 0.1435546875 0 0.1904296875 0 0.22265625
2 0.0014224749999999999 0.9296875 0 0.96875 0.0711237546875 0.978515625 0.10668563281250001 0.9736328125 0.1408250359375 0.9794921875 0.1650071125 0.98828125 0.1721194875 0.9765625 0.1735419625 0.9345703125 0.16358463750000002 0.9248046875 0.11806543437499999 0.9306640625 0.06685632968750001 0.9267578125 0.0014224749999999999 0.9296875
2 0 0.447265625 0.038406828125 0.4375 0.051209103125 0.427734375 0.08961593125 0.4150390625 0.13655761093750002 0.4091796875 0.14793741093749999 0.404296875 0.1578947375 0.38671875 0.1564722625 0.353515625 0.1507823609375 0.34765625 0.135135134375 0.3447265625 0.0967283078125 0.3515625 0.0654338546875 0.3779296875 0 0.4013671875 0 0.447265625
2 0.4324324328125 0.0390625 0.4324324328125 0.025390625 0.41536273125 0.01953125 0.41109530625 0.025390625 0.41109530625 0.08984375 0.41536273125 0.09375 0.4409672828125 0.10546875 0.459459459375 0.10546875 0.503542484375 0.08568496875 0.556828809375 0.0802688546875 0.5570431890624999 0.072965934375 0.5500844093749999 0.0726333140625 0.51150241875 0.07602574375 0.50344815625 0.07282317187500001 0.5507447015625 0.05433774375 0.5673634484375001 0.0478310484375 0.5658113359375 0.0421470734375 0.558704634375 0.0413376 0.5018210109375 0.0586515 0.5406345328125 0.040703267187499996 0.5603167734375 0.0328322421875 0.5576102421875 0.025390625 0.5485665984375 0.025903150000000003 0.49799003906249995 0.046462303125 0.4871745609375 0.048497759375 0.53687430625 0.016511785937500002 0.532198675 0.013618285937499999 0.5177809390625 0.0185546875 0.45376955937499996 0.048828125 0.4409672828125 0.048828125 0.4324324328125 0.0390625
2 0.8207681359375 0.71875 0.8221906109375 0.7314453125 0.8406827874999999 0.7431640625 0.8605974390625001 0.78125 0.9132290187500001 0.7822265625 0.9431009953125 0.7529296875 0.9615931718749999 0.7236328125 0.9601706968749999 0.71484375 0.92460881875 0.69921875 0.8833570406250001 0.689453125 0.8620199140624999 0.689453125 0.8492176390624999 0.693359375 0.8278805124999999 0.708984375 0.8207681359375 0.71875
2 0 0.744140625 0.07823613125 0.751953125 0.12802275937500002 0.765625 0.1450924609375 0.7646484375 0.1493598859375 0.7548828125 0.1379800859375 0.7451171875 0.16927453750000002 0.736328125 0.16927453750000002 0.7080078125 0.15504978593750002 0.701171875 0.12802275937500002 0.7021484375 0.1009957328125 0.6884765625 0.08108108124999999 0.6865234375 0 0.7099609375 0 0.744140625
2 0.214793740625 0.078125 0.1963015640625 0.0888671875 0.18918918906249999 0.099609375 0.1920341390625 0.1123046875 0.20067695312499997 0.111708803125 0.2372030390625 0.1123195875 0.247160996875 0.1038583828125 0.290798071875 0.0888154234375 0.3114750375 0.08016288906249999 0.343141125 0.07812448749999999 0.3577404125 0.0743920796875 0.35896452343749996 0.06883320468750001 0.3463718328125 0.06818856875 0.3115457828125 0.0704786421875 0.309530609375 0.0664607109375 0.3694219859375 0.0454438375 0.3709998234375 0.041893928125 0.36751400312500004 0.039648007812500004 0.309562765625 0.055484251562499996 0.306188421875 0.0528645015625 0.3626175609375 0.031534140625 0.36716885 0.0235129953125 0.3590931515625 0.0218528390625 0.3312923359375 0.031719584375 0.2958424359375 0.0461252671875 0.29326987656250003 0.0433480375 0.3397582078125 0.013677157812499998 0.3403113078125 0.008631929687500001 0.3323492296875 0.0067201015625 0.294952759375 0.02554109375 0.24182076874999997 0.0498046875 0.214793740625 0.078125
2 0.623044096875 0.0625 0.6102418203125 0.08984375 0.6358463734375001 0.107421875 0.66571835 0.1064453125 0.6941678515625 0.095703125 0.7439544812500001 0.0888671875 0.7624466578125 0.0810546875 0.7709815078125 0.0517578125 0.7681365578125 0.037109375 0.7567567562499999 0.025390625 0.7169274531250001 0.015625 0.6899004265625 0.03125 0.6557610234375 0.0390625 0.623044096875 0.0625
2 0.8477951640624999 0.3779296875 0.8250355624999999 0.400390625 0.8065433859375 0.4072265625 0.796586059375 0.4228515625 0.8036984359374999 0.4423828125 0.8221906109375 0.4443359375 0.953058321875 0.4306640625 0.9743954484374999 0.421875 0.9800853484375001 0.404296875 0.9971550499999999 0.3916015625 0.9886201984375 0.3701171875 0.9772403984375 0.3642578125 0.9601706968749999 0.3642578125 0.9132290187500001 0.3798828125 0.8961593171875 0.3818359375 0.8904694171875001 0.37890625 0.8918918921874999 0.365234375 0.9032716921875 0.357421875 0.9032716921875 0.3525390625 0.8947368421874999 0.349609375 0.8833570406250001 0.3544921875 0.879089615625 0.3623046875 0.8477951640624999 0.3779296875
2 0.5945945953125 0.3720703125 0.58890469375 0.3779296875 0.58890469375 0.4052734375 0.5945945953125 0.41015625 0.6770981515625001 0.42578125 0.6984352781250001 0.435546875 0.71087405625 0.4429219125 0.7272102625 0.44414953281249997 0.72516919375 0.4368644828125 0.704916896875 0.42940405937500004 0.6842635359375 0.42173669374999995 0.691061134375 0.414541084375 0.758472575 0.43085615937500005 0.7620361421874999 0.4243374953125 0.6985433484375 0.40637214843749997 0.7041224359375 0.40213861093750003 0.7317394390625 0.40493583125 0.7751638625 0.407370028125 0.78218115 0.402324509375 0.7770363296875 0.39910288125000004 0.7058569609374999 0.3922457453125 0.7082582171875 0.3857411109375 0.7636276125 0.3779737828125 0.7764360156250001 0.3734315875 0.767339340625 0.367523225 0.7567567562499999 0.3681640625 0.6882256109375 0.374282153125 0.665331928125 0.3666270625 0.708392603125 0.3408203125 0.6927453765625 0.3369140625 0.6216216218749999 0.369140625 0.6102418203125 0.373046875 0.5945945953125 0.3720703125
2 0.3029871984375 0.9326171875 0.25462304375 0.9248046875 0.20056899062500003 0.927734375 0.1920341390625 0.9345703125 0.1934566140625 0.958984375 0.20056899062500003 0.966796875 0.22901849218749998 0.9775390625 0.2688477953125 0.9833984375 0.29587482187499997 0.974609375 0.3115220484375 0.953125 0.37837837812499997 0.943359375 0.3982930296875 0.9658203125 0.43100995781250007 0.974609375 0.4708392609375 0.9755859375 0.5078236125 0.9580078125 0.5718349921875 0.955078125 0.5775248937499999 0.9501953125 0.57610241875 0.94140625 0.5604551921875001 0.931640625 0.49786628750000006 0.9375 0.4779516359375 0.935546875 0.47510668593750005 0.921875 0.47937411093750004 0.9189453125 0.5120910390625 0.9140625 0.5120910390625 0.90625 0.5021337124999999 0.9033203125 0.462304409375 0.9072265625 0.379800853125 0.93359375 0.3029871984375 0.9326171875